8191 128
8190 128
8189 128
8188 128
8187 128
8186 128
8185 128
8184 128
8183 128
8182 128
8181 128
8180 128
8179 128
8178 128
8177 128
8176 128
8175 128
8174 128
8173 128
8172 128
8171 128
8170 128
8169 128
8168 128
8167 128
8166 128
8165 128
8164 128
8163 128
8162 128
8161 128
8160 129
8159 129
8158 129
8157 129
8156 129
8155 129
8154 129
8153 129
8152 129
8151 129
8150 129
8149 129
8148 129
8147 129
8146 129
8145 129
8144 129
8143 129
8142 129
8141 129
8140 129
8139 129
8138 129
8137 129
8136 129
8135 129
8134 129
8133 129
8132 129
8131 129
8130 129
8129 129
8128 129
8127 129
8126 129
8125 129
8124 129
8123 129
8122 129
8121 129
8120 129
8119 129
8118 129
8117 129
8116 129
8115 129
8114 129
8113 129
8112 129
8111 129
8110 129
8109 129
8108 129
8107 129
8106 129
8105 129
8104 129
8103 129
8102 129
8101 129
8100 129
8099 129
8098 129
8097 130
8096 130
8095 130
8094 130
8093 130
8092 130
8091 130
8090 130
8089 130
8088 130
8087 130
8086 130
8085 130
8084 130
8083 130
8082 130
8081 130
8080 130
8079 130
8078 130
8077 130
8076 130
8075 130
8074 130
8073 130
8072 130
8071 130
8070 130
8069 130
8068 130
8067 130
8066 130
8065 130
8064 130
8063 130
8062 130
8061 130
8060 130
8059 130
8058 130
8057 130
8056 130
8055 130
8054 130
8053 130
8052 130
8051 130
8050 130
8049 130
8048 130
8047 130
8046 130
8045 130
8044 130
8043 130
8042 130
8041 130
8040 130
8039 130
8038 130
8037 130
8036 130
8035 131
8034 131
8033 131
8032 131
8031 131
8030 131
8029 131
8028 131
8027 131
8026 131
8025 131
8024 131
8023 131
8022 131
8021 131
8020 131
8019 131
8018 131
8017 131
8016 131
8015 131
8014 131
8013 131
8012 131
8011 131
8010 131
8009 131
8008 131
8007 131
8006 131
8005 131
8004 131
8003 131
8002 131
8001 131
8000 131
7999 131
7998 131
7997 131
7996 131
7995 131
7994 131
7993 131
7992 131
7991 131
7990 131
7989 131
7988 131
7987 131
7986 131
7985 131
7984 131
7983 131
7982 131
7981 131
7980 131
7979 131
7978 131
7977 131
7976 131
7975 131
7974 131
7973 132
7972 132
7971 132
7970 132
7969 132
7968 132
7967 132
7966 132
7965 132
7964 132
7963 132
7962 132
7961 132
7960 132
7959 132
7958 132
7957 132
7956 132
7955 132
7954 132
7953 132
7952 132
7951 132
7950 132
7949 132
7948 132
7947 132
7946 132
7945 132
7944 132
7943 132
7942 132
7941 132
7940 132
7939 132
7938 132
7937 132
7936 132
7935 132
7934 132
7933 132
7932 132
7931 132
7930 132
7929 132
7928 132
7927 132
7926 132
7925 132
7924 132
7923 132
7922 132
7921 132
7920 132
7919 132
7918 132
7917 132
7916 132
7915 132
7914 132
7913 133
7912 133
7911 133
7910 133
7909 133
7908 133
7907 133
7906 133
7905 133
7904 133
7903 133
7902 133
7901 133
7900 133
7899 133
7898 133
7897 133
7896 133
7895 133
7894 133
7893 133
7892 133
7891 133
7890 133
7889 133
7888 133
7887 133
7886 133
7885 133
7884 133
7883 133
7882 133
7881 133
7880 133
7879 133
7878 133
7877 133
7876 133
7875 133
7874 133
7873 133
7872 133
7871 133
7870 133
7869 133
7868 133
7867 133
7866 133
7865 133
7864 133
7863 133
7862 133
7861 133
7860 133
7859 133
7858 133
7857 133
7856 133
7855 133
7854 134
7853 134
7852 134
7851 134
7850 134
7849 134
7848 134
7847 134
7846 134
7845 134
7844 134
7843 134
7842 134
7841 134
7840 134
7839 134
7838 134
7837 134
7836 134
7835 134
7834 134
7833 134
7832 134
7831 134
7830 134
7829 134
7828 134
7827 134
7826 134
7825 134
7824 134
7823 134
7822 134
7821 134
7820 134
7819 134
7818 134
7817 134
7816 134
7815 134
7814 134
7813 134
7812 134
7811 134
7810 134
7809 134
7808 134
7807 134
7806 134
7805 134
7804 134
7803 134
7802 134
7801 134
7800 134
7799 134
7798 134
7797 134
7796 135
7795 135
7794 135
7793 135
7792 135
7791 135
7790 135
7789 135
7788 135
7787 135
7786 135
7785 135
7784 135
7783 135
7782 135
7781 135
7780 135
7779 135
7778 135
7777 135
7776 135
7775 135
7774 135
7773 135
7772 135
7771 135
7770 135
7769 135
7768 135
7767 135
7766 135
7765 135
7764 135
7763 135
7762 135
7761 135
7760 135
7759 135
7758 135
7757 135
7756 135
7755 135
7754 135
7753 135
7752 135
7751 135
7750 135
7749 135
7748 135
7747 135
7746 135
7745 135
7744 135
7743 135
7742 135
7741 135
7740 135
7739 135
7738 136
7737 136
7736 136
7735 136
7734 136
7733 136
7732 136
7731 136
7730 136
7729 136
7728 136
7727 136
7726 136
7725 136
7724 136
7723 136
7722 136
7721 136
7720 136
7719 136
7718 136
7717 136
7716 136
7715 136
7714 136
7713 136
7712 136
7711 136
7710 136
7709 136
7708 136
7707 136
7706 136
7705 136
7704 136
7703 136
7702 136
7701 136
7700 136
7699 136
7698 136
7697 136
7696 136
7695 136
7694 136
7693 136
7692 136
7691 136
7690 136
7689 136
7688 136
7687 136
7686 136
7685 136
7684 136
7683 136
7682 136
7681 137
7680 137
7679 137
7678 137
7677 137
7676 137
7675 137
7674 137
7673 137
7672 137
7671 137
7670 137
7669 137
7668 137
7667 137
7666 137
7665 137
7664 137
7663 137
7662 137
7661 137
7660 137
7659 137
7658 137
7657 137
7656 137
7655 137
7654 137
7653 137
7652 137
7651 137
7650 137
7649 137
7648 137
7647 137
7646 137
7645 137
7644 137
7643 137
7642 137
7641 137
7640 137
7639 137
7638 137
7637 137
7636 137
7635 137
7634 137
7633 137
7632 137
7631 137
7630 137
7629 137
7628 137
7627 137
7626 138
7625 138
7624 138
7623 138
7622 138
7621 138
7620 138
7619 138
7618 138
7617 138
7616 138
7615 138
7614 138
7613 138
7612 138
7611 138
7610 138
7609 138
7608 138
7607 138
7606 138
7605 138
7604 138
7603 138
7602 138
7601 138
7600 138
7599 138
7598 138
7597 138
7596 138
7595 138
7594 138
7593 138
7592 138
7591 138
7590 138
7589 138
7588 138
7587 138
7586 138
7585 138
7584 138
7583 138
7582 138
7581 138
7580 138
7579 138
7578 138
7577 138
7576 138
7575 138
7574 138
7573 138
7572 138
7571 138
7570 139
7569 139
7568 139
7567 139
7566 139
7565 139
7564 139
7563 139
7562 139
7561 139
7560 139
7559 139
7558 139
7557 139
7556 139
7555 139
7554 139
7553 139
7552 139
7551 139
7550 139
7549 139
7548 139
7547 139
7546 139
7545 139
7544 139
7543 139
7542 139
7541 139
7540 139
7539 139
7538 139
7537 139
7536 139
7535 139
7534 139
7533 139
7532 139
7531 139
7530 139
7529 139
7528 139
7527 139
7526 139
7525 139
7524 139
7523 139
7522 139
7521 139
7520 139
7519 139
7518 139
7517 139
7516 140
7515 140
7514 140
7513 140
7512 140
7511 140
7510 140
7509 140
7508 140
7507 140
7506 140
7505 140
7504 140
7503 140
7502 140
7501 140
7500 140
7499 140
7498 140
7497 140
7496 140
7495 140
7494 140
7493 140
7492 140
7491 140
7490 140
7489 140
7488 140
7487 140
7486 140
7485 140
7484 140
7483 140
7482 140
7481 140
7480 140
7479 140
7478 140
7477 140
7476 140
7475 140
7474 140
7473 140
7472 140
7471 140
7470 140
7469 140
7468 140
7467 140
7466 140
7465 140
7464 140
7463 141
7462 141
7461 141
7460 141
7459 141
7458 141
7457 141
7456 141
7455 141
7454 141
7453 141
7452 141
7451 141
7450 141
7449 141
7448 141
7447 141
7446 141
7445 141
7444 141
7443 141
7442 141
7441 141
7440 141
7439 141
7438 141
7437 141
7436 141
7435 141
7434 141
7433 141
7432 141
7431 141
7430 141
7429 141
7428 141
7427 141
7426 141
7425 141
7424 141
7423 141
7422 141
7421 141
7420 141
7419 141
7418 141
7417 141
7416 141
7415 141
7414 141
7413 141
7412 141
7411 141
7410 142
7409 142
7408 142
7407 142
7406 142
7405 142
7404 142
7403 142
7402 142
7401 142
7400 142
7399 142
7398 142
7397 142
7396 142
7395 142
7394 142
7393 142
7392 142
7391 142
7390 142
7389 142
7388 142
7387 142
7386 142
7385 142
7384 142
7383 142
7382 142
7381 142
7380 142
7379 142
7378 142
7377 142
7376 142
7375 142
7374 142
7373 142
7372 142
7371 142
7370 142
7369 142
7368 142
7367 142
7366 142
7365 142
7364 142
7363 142
7362 142
7361 142
7360 142
7359 142
7358 143
7357 143
7356 143
7355 143
7354 143
7353 143
7352 143
7351 143
7350 143
7349 143
7348 143
7347 143
7346 143
7345 143
7344 143
7343 143
7342 143
7341 143
7340 143
7339 143
7338 143
7337 143
7336 143
7335 143
7334 143
7333 143
7332 143
7331 143
7330 143
7329 143
7328 143
7327 143
7326 143
7325 143
7324 143
7323 143
7322 143
7321 143
7320 143
7319 143
7318 143
7317 143
7316 143
7315 143
7314 143
7313 143
7312 143
7311 143
7310 143
7309 143
7308 143
7307 144
7306 144
7305 144
7304 144
7303 144
7302 144
7301 144
7300 144
7299 144
7298 144
7297 144
7296 144
7295 144
7294 144
7293 144
7292 144
7291 144
7290 144
7289 144
7288 144
7287 144
7286 144
7285 144
7284 144
7283 144
7282 144
7281 144
7280 144
7279 144
7278 144
7277 144
7276 144
7275 144
7274 144
7273 144
7272 144
7271 144
7270 144
7269 144
7268 144
7267 144
7266 144
7265 144
7264 144
7263 144
7262 144
7261 144
7260 144
7259 144
7258 144
7257 144
7256 145
7255 145
7254 145
7253 145
7252 145
7251 145
7250 145
7249 145
7248 145
7247 145
7246 145
7245 145
7244 145
7243 145
7242 145
7241 145
7240 145
7239 145
7238 145
7237 145
7236 145
7235 145
7234 145
7233 145
7232 145
7231 145
7230 145
7229 145
7228 145
7227 145
7226 145
7225 145
7224 145
7223 145
7222 145
7221 145
7220 145
7219 145
7218 145
7217 145
7216 145
7215 145
7214 145
7213 145
7212 145
7211 145
7210 145
7209 145
7208 145
7207 145
7206 146
7205 146
7204 146
7203 146
7202 146
7201 146
7200 146
7199 146
7198 146
7197 146
7196 146
7195 146
7194 146
7193 146
7192 146
7191 146
7190 146
7189 146
7188 146
7187 146
7186 146
7185 146
7184 146
7183 146
7182 146
7181 146
7180 146
7179 146
7178 146
7177 146
7176 146
7175 146
7174 146
7173 146
7172 146
7171 146
7170 146
7169 146
7168 146
7167 146
7166 146
7165 146
7164 146
7163 146
7162 146
7161 146
7160 146
7159 146
7158 146
7157 147
7156 147
7155 147
7154 147
7153 147
7152 147
7151 147
7150 147
7149 147
7148 147
7147 147
7146 147
7145 147
7144 147
7143 147
7142 147
7141 147
7140 147
7139 147
7138 147
7137 147
7136 147
7135 147
7134 147
7133 147
7132 147
7131 147
7130 147
7129 147
7128 147
7127 147
7126 147
7125 147
7124 147
7123 147
7122 147
7121 147
7120 147
7119 147
7118 147
7117 147
7116 147
7115 147
7114 147
7113 147
7112 147
7111 147
7110 147
7109 147
7108 148
7107 148
7106 148
7105 148
7104 148
7103 148
7102 148
7101 148
7100 148
7099 148
7098 148
7097 148
7096 148
7095 148
7094 148
7093 148
7092 148
7091 148
7090 148
7089 148
7088 148
7087 148
7086 148
7085 148
7084 148
7083 148
7082 148
7081 148
7080 148
7079 148
7078 148
7077 148
7076 148
7075 148
7074 148
7073 148
7072 148
7071 148
7070 148
7069 148
7068 148
7067 148
7066 148
7065 148
7064 148
7063 148
7062 148
7061 149
7060 149
7059 149
7058 149
7057 149
7056 149
7055 149
7054 149
7053 149
7052 149
7051 149
7050 149
7049 149
7048 149
7047 149
7046 149
7045 149
7044 149
7043 149
7042 149
7041 149
7040 149
7039 149
7038 149
7037 149
7036 149
7035 149
7034 149
7033 149
7032 149
7031 149
7030 149
7029 149
7028 149
7027 149
7026 149
7025 149
7024 149
7023 149
7022 149
7021 149
7020 149
7019 149
7018 149
7017 149
7016 149
7015 149
7014 149
7013 150
7012 150
7011 150
7010 150
7009 150
7008 150
7007 150
7006 150
7005 150
7004 150
7003 150
7002 150
7001 150
7000 150
6999 150
6998 150
6997 150
6996 150
6995 150
6994 150
6993 150
6992 150
6991 150
6990 150
6989 150
6988 150
6987 150
6986 150
6985 150
6984 150
6983 150
6982 150
6981 150
6980 150
6979 150
6978 150
6977 150
6976 150
6975 150
6974 150
6973 150
6972 150
6971 150
6970 150
6969 150
6968 150
6967 151
6966 151
6965 151
6964 151
6963 151
6962 151
6961 151
6960 151
6959 151
6958 151
6957 151
6956 151
6955 151
6954 151
6953 151
6952 151
6951 151
6950 151
6949 151
6948 151
6947 151
6946 151
6945 151
6944 151
6943 151
6942 151
6941 151
6940 151
6939 151
6938 151
6937 151
6936 151
6935 151
6934 151
6933 151
6932 151
6931 151
6930 151
6929 151
6928 151
6927 151
6926 151
6925 151
6924 151
6923 151
6922 151
6921 152
6920 152
6919 152
6918 152
6917 152
6916 152
6915 152
6914 152
6913 152
6912 152
6911 152
6910 152
6909 152
6908 152
6907 152
6906 152
6905 152
6904 152
6903 152
6902 152
6901 152
6900 152
6899 152
6898 152
6897 152
6896 152
6895 152
6894 152
6893 152
6892 152
6891 152
6890 152
6889 152
6888 152
6887 152
6886 152
6885 152
6884 152
6883 152
6882 152
6881 152
6880 152
6879 152
6878 152
6877 152
6876 152
6875 153
6874 153
6873 153
6872 153
6871 153
6870 153
6869 153
6868 153
6867 153
6866 153
6865 153
6864 153
6863 153
6862 153
6861 153
6860 153
6859 153
6858 153
6857 153
6856 153
6855 153
6854 153
6853 153
6852 153
6851 153
6850 153
6849 153
6848 153
6847 153
6846 153
6845 153
6844 153
6843 153
6842 153
6841 153
6840 153
6839 153
6838 153
6837 153
6836 153
6835 153
6834 153
6833 153
6832 153
6831 154
6830 154
6829 154
6828 154
6827 154
6826 154
6825 154
6824 154
6823 154
6822 154
6821 154
6820 154
6819 154
6818 154
6817 154
6816 154
6815 154
6814 154
6813 154
6812 154
6811 154
6810 154
6809 154
6808 154
6807 154
6806 154
6805 154
6804 154
6803 154
6802 154
6801 154
6800 154
6799 154
6798 154
6797 154
6796 154
6795 154
6794 154
6793 154
6792 154
6791 154
6790 154
6789 154
6788 154
6787 154
6786 155
6785 155
6784 155
6783 155
6782 155
6781 155
6780 155
6779 155
6778 155
6777 155
6776 155
6775 155
6774 155
6773 155
6772 155
6771 155
6770 155
6769 155
6768 155
6767 155
6766 155
6765 155
6764 155
6763 155
6762 155
6761 155
6760 155
6759 155
6758 155
6757 155
6756 155
6755 155
6754 155
6753 155
6752 155
6751 155
6750 155
6749 155
6748 155
6747 155
6746 155
6745 155
6744 155
6743 156
6742 156
6741 156
6740 156
6739 156
6738 156
6737 156
6736 156
6735 156
6734 156
6733 156
6732 156
6731 156
6730 156
6729 156
6728 156
6727 156
6726 156
6725 156
6724 156
6723 156
6722 156
6721 156
6720 156
6719 156
6718 156
6717 156
6716 156
6715 156
6714 156
6713 156
6712 156
6711 156
6710 156
6709 156
6708 156
6707 156
6706 156
6705 156
6704 156
6703 156
6702 156
6701 156
6700 157
6699 157
6698 157
6697 157
6696 157
6695 157
6694 157
6693 157
6692 157
6691 157
6690 157
6689 157
6688 157
6687 157
6686 157
6685 157
6684 157
6683 157
6682 157
6681 157
6680 157
6679 157
6678 157
6677 157
6676 157
6675 157
6674 157
6673 157
6672 157
6671 157
6670 157
6669 157
6668 157
6667 157
6666 157
6665 157
6664 157
6663 157
6662 157
6661 157
6660 157
6659 157
6658 157
6657 158
6656 158
6655 158
6654 158
6653 158
6652 158
6651 158
6650 158
6649 158
6648 158
6647 158
6646 158
6645 158
6644 158
6643 158
6642 158
6641 158
6640 158
6639 158
6638 158
6637 158
6636 158
6635 158
6634 158
6633 158
6632 158
6631 158
6630 158
6629 158
6628 158
6627 158
6626 158
6625 158
6624 158
6623 158
6622 158
6621 158
6620 158
6619 158
6618 158
6617 158
6616 158
6615 159
6614 159
6613 159
6612 159
6611 159
6610 159
6609 159
6608 159
6607 159
6606 159
6605 159
6604 159
6603 159
6602 159
6601 159
6600 159
6599 159
6598 159
6597 159
6596 159
6595 159
6594 159
6593 159
6592 159
6591 159
6590 159
6589 159
6588 159
6587 159
6586 159
6585 159
6584 159
6583 159
6582 159
6581 159
6580 159
6579 159
6578 159
6577 159
6576 159
6575 159
6574 160
6573 160
6572 160
6571 160
6570 160
6569 160
6568 160
6567 160
6566 160
6565 160
6564 160
6563 160
6562 160
6561 160
6560 160
6559 160
6558 160
6557 160
6556 160
6555 160
6554 160
6553 160
6552 160
6551 160
6550 160
6549 160
6548 160
6547 160
6546 160
6545 160
6544 160
6543 160
6542 160
6541 160
6540 160
6539 160
6538 160
6537 160
6536 160
6535 160
6534 160
6533 161
6532 161
6531 161
6530 161
6529 161
6528 161
6527 161
6526 161
6525 161
6524 161
6523 161
6522 161
6521 161
6520 161
6519 161
6518 161
6517 161
6516 161
6515 161
6514 161
6513 161
6512 161
6511 161
6510 161
6509 161
6508 161
6507 161
6506 161
6505 161
6504 161
6503 161
6502 161
6501 161
6500 161
6499 161
6498 161
6497 161
6496 161
6495 161
6494 161
6493 161
6492 162
6491 162
6490 162
6489 162
6488 162
6487 162
6486 162
6485 162
6484 162
6483 162
6482 162
6481 162
6480 162
6479 162
6478 162
6477 162
6476 162
6475 162
6474 162
6473 162
6472 162
6471 162
6470 162
6469 162
6468 162
6467 162
6466 162
6465 162
6464 162
6463 162
6462 162
6461 162
6460 162
6459 162
6458 162
6457 162
6456 162
6455 162
6454 162
6453 162
6452 163
6451 163
6450 163
6449 163
6448 163
6447 163
6446 163
6445 163
6444 163
6443 163
6442 163
6441 163
6440 163
6439 163
6438 163
6437 163
6436 163
6435 163
6434 163
6433 163
6432 163
6431 163
6430 163
6429 163
6428 163
6427 163
6426 163
6425 163
6424 163
6423 163
6422 163
6421 163
6420 163
6419 163
6418 163
6417 163
6416 163
6415 163
6414 163
6413 164
6412 164
6411 164
6410 164
6409 164
6408 164
6407 164
6406 164
6405 164
6404 164
6403 164
6402 164
6401 164
6400 164
6399 164
6398 164
6397 164
6396 164
6395 164
6394 164
6393 164
6392 164
6391 164
6390 164
6389 164
6388 164
6387 164
6386 164
6385 164
6384 164
6383 164
6382 164
6381 164
6380 164
6379 164
6378 164
6377 164
6376 164
6375 164
6374 165
6373 165
6372 165
6371 165
6370 165
6369 165
6368 165
6367 165
6366 165
6365 165
6364 165
6363 165
6362 165
6361 165
6360 165
6359 165
6358 165
6357 165
6356 165
6355 165
6354 165
6353 165
6352 165
6351 165
6350 165
6349 165
6348 165
6347 165
6346 165
6345 165
6344 165
6343 165
6342 165
6341 165
6340 165
6339 165
6338 165
6337 165
6336 165
6335 166
6334 166
6333 166
6332 166
6331 166
6330 166
6329 166
6328 166
6327 166
6326 166
6325 166
6324 166
6323 166
6322 166
6321 166
6320 166
6319 166
6318 166
6317 166
6316 166
6315 166
6314 166
6313 166
6312 166
6311 166
6310 166
6309 166
6308 166
6307 166
6306 166
6305 166
6304 166
6303 166
6302 166
6301 166
6300 166
6299 166
6298 166
6297 167
6296 167
6295 167
6294 167
6293 167
6292 167
6291 167
6290 167
6289 167
6288 167
6287 167
6286 167
6285 167
6284 167
6283 167
6282 167
6281 167
6280 167
6279 167
6278 167
6277 167
6276 167
6275 167
6274 167
6273 167
6272 167
6271 167
6270 167
6269 167
6268 167
6267 167
6266 167
6265 167
6264 167
6263 167
6262 167
6261 167
6260 168
6259 168
6258 168
6257 168
6256 168
6255 168
6254 168
6253 168
6252 168
6251 168
6250 168
6249 168
6248 168
6247 168
6246 168
6245 168
6244 168
6243 168
6242 168
6241 168
6240 168
6239 168
6238 168
6237 168
6236 168
6235 168
6234 168
6233 168
6232 168
6231 168
6230 168
6229 168
6228 168
6227 168
6226 168
6225 168
6224 168
6223 169
6222 169
6221 169
6220 169
6219 169
6218 169
6217 169
6216 169
6215 169
6214 169
6213 169
6212 169
6211 169
6210 169
6209 169
6208 169
6207 169
6206 169
6205 169
6204 169
6203 169
6202 169
6201 169
6200 169
6199 169
6198 169
6197 169
6196 169
6195 169
6194 169
6193 169
6192 169
6191 169
6190 169
6189 169
6188 169
6187 169
6186 170
6185 170
6184 170
6183 170
6182 170
6181 170
6180 170
6179 170
6178 170
6177 170
6176 170
6175 170
6174 170
6173 170
6172 170
6171 170
6170 170
6169 170
6168 170
6167 170
6166 170
6165 170
6164 170
6163 170
6162 170
6161 170
6160 170
6159 170
6158 170
6157 170
6156 170
6155 170
6154 170
6153 170
6152 170
6151 170
6150 171
6149 171
6148 171
6147 171
6146 171
6145 171
6144 171
6143 171
6142 171
6141 171
6140 171
6139 171
6138 171
6137 171
6136 171
6135 171
6134 171
6133 171
6132 171
6131 171
6130 171
6129 171
6128 171
6127 171
6126 171
6125 171
6124 171
6123 171
6122 171
6121 171
6120 171
6119 171
6118 171
6117 171
6116 171
6115 171
6114 172
6113 172
6112 172
6111 172
6110 172
6109 172
6108 172
6107 172
6106 172
6105 172
6104 172
6103 172
6102 172
6101 172
6100 172
6099 172
6098 172
6097 172
6096 172
6095 172
6094 172
6093 172
6092 172
6091 172
6090 172
6089 172
6088 172
6087 172
6086 172
6085 172
6084 172
6083 172
6082 172
6081 172
6080 172
6079 172
6078 173
6077 173
6076 173
6075 173
6074 173
6073 173
6072 173
6071 173
6070 173
6069 173
6068 173
6067 173
6066 173
6065 173
6064 173
6063 173
6062 173
6061 173
6060 173
6059 173
6058 173
6057 173
6056 173
6055 173
6054 173
6053 173
6052 173
6051 173
6050 173
6049 173
6048 173
6047 173
6046 173
6045 173
6044 173
6043 174
6042 174
6041 174
6040 174
6039 174
6038 174
6037 174
6036 174
6035 174
6034 174
6033 174
6032 174
6031 174
6030 174
6029 174
6028 174
6027 174
6026 174
6025 174
6024 174
6023 174
6022 174
6021 174
6020 174
6019 174
6018 174
6017 174
6016 174
6015 174
6014 174
6013 174
6012 174
6011 174
6010 174
6009 175
6008 175
6007 175
6006 175
6005 175
6004 175
6003 175
6002 175
6001 175
6000 175
5999 175
5998 175
5997 175
5996 175
5995 175
5994 175
5993 175
5992 175
5991 175
5990 175
5989 175
5988 175
5987 175
5986 175
5985 175
5984 175
5983 175
5982 175
5981 175
5980 175
5979 175
5978 175
5977 175
5976 175
5975 175
5974 176
5973 176
5972 176
5971 176
5970 176
5969 176
5968 176
5967 176
5966 176
5965 176
5964 176
5963 176
5962 176
5961 176
5960 176
5959 176
5958 176
5957 176
5956 176
5955 176
5954 176
5953 176
5952 176
5951 176
5950 176
5949 176
5948 176
5947 176
5946 176
5945 176
5944 176
5943 176
5942 176
5941 176
5940 177
5939 177
5938 177
5937 177
5936 177
5935 177
5934 177
5933 177
5932 177
5931 177
5930 177
5929 177
5928 177
5927 177
5926 177
5925 177
5924 177
5923 177
5922 177
5921 177
5920 177
5919 177
5918 177
5917 177
5916 177
5915 177
5914 177
5913 177
5912 177
5911 177
5910 177
5909 177
5908 177
5907 178
5906 178
5905 178
5904 178
5903 178
5902 178
5901 178
5900 178
5899 178
5898 178
5897 178
5896 178
5895 178
5894 178
5893 178
5892 178
5891 178
5890 178
5889 178
5888 178
5887 178
5886 178
5885 178
5884 178
5883 178
5882 178
5881 178
5880 178
5879 178
5878 178
5877 178
5876 178
5875 178
5874 179
5873 179
5872 179
5871 179
5870 179
5869 179
5868 179
5867 179
5866 179
5865 179
5864 179
5863 179
5862 179
5861 179
5860 179
5859 179
5858 179
5857 179
5856 179
5855 179
5854 179
5853 179
5852 179
5851 179
5850 179
5849 179
5848 179
5847 179
5846 179
5845 179
5844 179
5843 179
5842 179
5841 180
5840 180
5839 180
5838 180
5837 180
5836 180
5835 180
5834 180
5833 180
5832 180
5831 180
5830 180
5829 180
5828 180
5827 180
5826 180
5825 180
5824 180
5823 180
5822 180
5821 180
5820 180
5819 180
5818 180
5817 180
5816 180
5815 180
5814 180
5813 180
5812 180
5811 180
5810 180
5809 181
5808 181
5807 181
5806 181
5805 181
5804 181
5803 181
5802 181
5801 181
5800 181
5799 181
5798 181
5797 181
5796 181
5795 181
5794 181
5793 181
5792 181
5791 181
5790 181
5789 181
5788 181
5787 181
5786 181
5785 181
5784 181
5783 181
5782 181
5781 181
5780 181
5779 181
5778 181
5777 182
5776 182
5775 182
5774 182
5773 182
5772 182
5771 182
5770 182
5769 182
5768 182
5767 182
5766 182
5765 182
5764 182
5763 182
5762 182
5761 182
5760 182
5759 182
5758 182
5757 182
5756 182
5755 182
5754 182
5753 182
5752 182
5751 182
5750 182
5749 182
5748 182
5747 182
5746 182
5745 183
5744 183
5743 183
5742 183
5741 183
5740 183
5739 183
5738 183
5737 183
5736 183
5735 183
5734 183
5733 183
5732 183
5731 183
5730 183
5729 183
5728 183
5727 183
5726 183
5725 183
5724 183
5723 183
5722 183
5721 183
5720 183
5719 183
5718 183
5717 183
5716 183
5715 183
5714 184
5713 184
5712 184
5711 184
5710 184
5709 184
5708 184
5707 184
5706 184
5705 184
5704 184
5703 184
5702 184
5701 184
5700 184
5699 184
5698 184
5697 184
5696 184
5695 184
5694 184
5693 184
5692 184
5691 184
5690 184
5689 184
5688 184
5687 184
5686 184
5685 184
5684 184
5683 185
5682 185
5681 185
5680 185
5679 185
5678 185
5677 185
5676 185
5675 185
5674 185
5673 185
5672 185
5671 185
5670 185
5669 185
5668 185
5667 185
5666 185
5665 185
5664 185
5663 185
5662 185
5661 185
5660 185
5659 185
5658 185
5657 185
5656 185
5655 185
5654 185
5653 185
5652 186
5651 186
5650 186
5649 186
5648 186
5647 186
5646 186
5645 186
5644 186
5643 186
5642 186
5641 186
5640 186
5639 186
5638 186
5637 186
5636 186
5635 186
5634 186
5633 186
5632 186
5631 186
5630 186
5629 186
5628 186
5627 186
5626 186
5625 186
5624 186
5623 186
5622 187
5621 187
5620 187
5619 187
5618 187
5617 187
5616 187
5615 187
5614 187
5613 187
5612 187
5611 187
5610 187
5609 187
5608 187
5607 187
5606 187
5605 187
5604 187
5603 187
5602 187
5601 187
5600 187
5599 187
5598 187
5597 187
5596 187
5595 187
5594 187
5593 187
5592 188
5591 188
5590 188
5589 188
5588 188
5587 188
5586 188
5585 188
5584 188
5583 188
5582 188
5581 188
5580 188
5579 188
5578 188
5577 188
5576 188
5575 188
5574 188
5573 188
5572 188
5571 188
5570 188
5569 188
5568 188
5567 188
5566 188
5565 188
5564 188
5563 188
5562 189
5561 189
5560 189
5559 189
5558 189
5557 189
5556 189
5555 189
5554 189
5553 189
5552 189
5551 189
5550 189
5549 189
5548 189
5547 189
5546 189
5545 189
5544 189
5543 189
5542 189
5541 189
5540 189
5539 189
5538 189
5537 189
5536 189
5535 189
5534 189
5533 190
5532 190
5531 190
5530 190
5529 190
5528 190
5527 190
5526 190
5525 190
5524 190
5523 190
5522 190
5521 190
5520 190
5519 190
5518 190
5517 190
5516 190
5515 190
5514 190
5513 190
5512 190
5511 190
5510 190
5509 190
5508 190
5507 190
5506 190
5505 190
5504 191
5503 191
5502 191
5501 191
5500 191
5499 191
5498 191
5497 191
5496 191
5495 191
5494 191
5493 191
5492 191
5491 191
5490 191
5489 191
5488 191
5487 191
5486 191
5485 191
5484 191
5483 191
5482 191
5481 191
5480 191
5479 191
5478 191
5477 191
5476 191
5475 192
5474 192
5473 192
5472 192
5471 192
5470 192
5469 192
5468 192
5467 192
5466 192
5465 192
5464 192
5463 192
5462 192
5461 192
5460 192
5459 192
5458 192
5457 192
5456 192
5455 192
5454 192
5453 192
5452 192
5451 192
5450 192
5449 192
5448 192
5447 193
5446 193
5445 193
5444 193
5443 193
5442 193
5441 193
5440 193
5439 193
5438 193
5437 193
5436 193
5435 193
5434 193
5433 193
5432 193
5431 193
5430 193
5429 193
5428 193
5427 193
5426 193
5425 193
5424 193
5423 193
5422 193
5421 193
5420 193
5419 193
5418 194
5417 194
5416 194
5415 194
5414 194
5413 194
5412 194
5411 194
5410 194
5409 194
5408 194
5407 194
5406 194
5405 194
5404 194
5403 194
5402 194
5401 194
5400 194
5399 194
5398 194
5397 194
5396 194
5395 194
5394 194
5393 194
5392 194
5391 195
5390 195
5389 195
5388 195
5387 195
5386 195
5385 195
5384 195
5383 195
5382 195
5381 195
5380 195
5379 195
5378 195
5377 195
5376 195
5375 195
5374 195
5373 195
5372 195
5371 195
5370 195
5369 195
5368 195
5367 195
5366 195
5365 195
5364 195
5363 196
5362 196
5361 196
5360 196
5359 196
5358 196
5357 196
5356 196
5355 196
5354 196
5353 196
5352 196
5351 196
5350 196
5349 196
5348 196
5347 196
5346 196
5345 196
5344 196
5343 196
5342 196
5341 196
5340 196
5339 196
5338 196
5337 196
5336 197
5335 197
5334 197
5333 197
5332 197
5331 197
5330 197
5329 197
5328 197
5327 197
5326 197
5325 197
5324 197
5323 197
5322 197
5321 197
5320 197
5319 197
5318 197
5317 197
5316 197
5315 197
5314 197
5313 197
5312 197
5311 197
5310 197
5309 198
5308 198
5307 198
5306 198
5305 198
5304 198
5303 198
5302 198
5301 198
5300 198
5299 198
5298 198
5297 198
5296 198
5295 198
5294 198
5293 198
5292 198
5291 198
5290 198
5289 198
5288 198
5287 198
5286 198
5285 198
5284 198
5283 198
5282 199
5281 199
5280 199
5279 199
5278 199
5277 199
5276 199
5275 199
5274 199
5273 199
5272 199
5271 199
5270 199
5269 199
5268 199
5267 199
5266 199
5265 199
5264 199
5263 199
5262 199
5261 199
5260 199
5259 199
5258 199
5257 199
5256 200
5255 200
5254 200
5253 200
5252 200
5251 200
5250 200
5249 200
5248 200
5247 200
5246 200
5245 200
5244 200
5243 200
5242 200
5241 200
5240 200
5239 200
5238 200
5237 200
5236 200
5235 200
5234 200
5233 200
5232 200
5231 200
5230 200
5229 201
5228 201
5227 201
5226 201
5225 201
5224 201
5223 201
5222 201
5221 201
5220 201
5219 201
5218 201
5217 201
5216 201
5215 201
5214 201
5213 201
5212 201
5211 201
5210 201
5209 201
5208 201
5207 201
5206 201
5205 201
5204 201
5203 202
5202 202
5201 202
5200 202
5199 202
5198 202
5197 202
5196 202
5195 202
5194 202
5193 202
5192 202
5191 202
5190 202
5189 202
5188 202
5187 202
5186 202
5185 202
5184 202
5183 202
5182 202
5181 202
5180 202
5179 202
5178 203
5177 203
5176 203
5175 203
5174 203
5173 203
5172 203
5171 203
5170 203
5169 203
5168 203
5167 203
5166 203
5165 203
5164 203
5163 203
5162 203
5161 203
5160 203
5159 203
5158 203
5157 203
5156 203
5155 203
5154 203
5153 203
5152 204
5151 204
5150 204
5149 204
5148 204
5147 204
5146 204
5145 204
5144 204
5143 204
5142 204
5141 204
5140 204
5139 204
5138 204
5137 204
5136 204
5135 204
5134 204
5133 204
5132 204
5131 204
5130 204
5129 204
5128 204
5127 205
5126 205
5125 205
5124 205
5123 205
5122 205
5121 205
5120 205
5119 205
5118 205
5117 205
5116 205
5115 205
5114 205
5113 205
5112 205
5111 205
5110 205
5109 205
5108 205
5107 205
5106 205
5105 205
5104 205
5103 205
5102 206
5101 206
5100 206
5099 206
5098 206
5097 206
5096 206
5095 206
5094 206
5093 206
5092 206
5091 206
5090 206
5089 206
5088 206
5087 206
5086 206
5085 206
5084 206
5083 206
5082 206
5081 206
5080 206
5079 206
5078 206
5077 207
5076 207
5075 207
5074 207
5073 207
5072 207
5071 207
5070 207
5069 207
5068 207
5067 207
5066 207
5065 207
5064 207
5063 207
5062 207
5061 207
5060 207
5059 207
5058 207
5057 207
5056 207
5055 207
5054 207
5053 208
5052 208
5051 208
5050 208
5049 208
5048 208
5047 208
5046 208
5045 208
5044 208
5043 208
5042 208
5041 208
5040 208
5039 208
5038 208
5037 208
5036 208
5035 208
5034 208
5033 208
5032 208
5031 208
5030 208
5029 209
5028 209
5027 209
5026 209
5025 209
5024 209
5023 209
5022 209
5021 209
5020 209
5019 209
5018 209
5017 209
5016 209
5015 209
5014 209
5013 209
5012 209
5011 209
5010 209
5009 209
5008 209
5007 209
5006 209
5005 210
5004 210
5003 210
5002 210
5001 210
5000 210
4999 210
4998 210
4997 210
4996 210
4995 210
4994 210
4993 210
4992 210
4991 210
4990 210
4989 210
4988 210
4987 210
4986 210
4985 210
4984 210
4983 210
4982 210
4981 211
4980 211
4979 211
4978 211
4977 211
4976 211
4975 211
4974 211
4973 211
4972 211
4971 211
4970 211
4969 211
4968 211
4967 211
4966 211
4965 211
4964 211
4963 211
4962 211
4961 211
4960 211
4959 211
4958 211
4957 212
4956 212
4955 212
4954 212
4953 212
4952 212
4951 212
4950 212
4949 212
4948 212
4947 212
4946 212
4945 212
4944 212
4943 212
4942 212
4941 212
4940 212
4939 212
4938 212
4937 212
4936 212
4935 212
4934 213
4933 213
4932 213
4931 213
4930 213
4929 213
4928 213
4927 213
4926 213
4925 213
4924 213
4923 213
4922 213
4921 213
4920 213
4919 213
4918 213
4917 213
4916 213
4915 213
4914 213
4913 213
4912 213
4911 214
4910 214
4909 214
4908 214
4907 214
4906 214
4905 214
4904 214
4903 214
4902 214
4901 214
4900 214
4899 214
4898 214
4897 214
4896 214
4895 214
4894 214
4893 214
4892 214
4891 214
4890 214
4889 214
4888 215
4887 215
4886 215
4885 215
4884 215
4883 215
4882 215
4881 215
4880 215
4879 215
4878 215
4877 215
4876 215
4875 215
4874 215
4873 215
4872 215
4871 215
4870 215
4869 215
4868 215
4867 215
4866 215
4865 216
4864 216
4863 216
4862 216
4861 216
4860 216
4859 216
4858 216
4857 216
4856 216
4855 216
4854 216
4853 216
4852 216
4851 216
4850 216
4849 216
4848 216
4847 216
4846 216
4845 216
4844 216
4843 217
4842 217
4841 217
4840 217
4839 217
4838 217
4837 217
4836 217
4835 217
4834 217
4833 217
4832 217
4831 217
4830 217
4829 217
4828 217
4827 217
4826 217
4825 217
4824 217
4823 217
4822 217
4821 218
4820 218
4819 218
4818 218
4817 218
4816 218
4815 218
4814 218
4813 218
4812 218
4811 218
4810 218
4809 218
4808 218
4807 218
4806 218
4805 218
4804 218
4803 218
4802 218
4801 218
4800 218
4799 218
4798 219
4797 219
4796 219
4795 219
4794 219
4793 219
4792 219
4791 219
4790 219
4789 219
4788 219
4787 219
4786 219
4785 219
4784 219
4783 219
4782 219
4781 219
4780 219
4779 219
4778 219
4777 220
4776 220
4775 220
4774 220
4773 220
4772 220
4771 220
4770 220
4769 220
4768 220
4767 220
4766 220
4765 220
4764 220
4763 220
4762 220
4761 220
4760 220
4759 220
4758 220
4757 220
4756 220
4755 221
4754 221
4753 221
4752 221
4751 221
4750 221
4749 221
4748 221
4747 221
4746 221
4745 221
4744 221
4743 221
4742 221
4741 221
4740 221
4739 221
4738 221
4737 221
4736 221
4735 221
4734 221
4733 222
4732 222
4731 222
4730 222
4729 222
4728 222
4727 222
4726 222
4725 222
4724 222
4723 222
4722 222
4721 222
4720 222
4719 222
4718 222
4717 222
4716 222
4715 222
4714 222
4713 222
4712 223
4711 223
4710 223
4709 223
4708 223
4707 223
4706 223
4705 223
4704 223
4703 223
4702 223
4701 223
4700 223
4699 223
4698 223
4697 223
4696 223
4695 223
4694 223
4693 223
4692 223
4691 224
4690 224
4689 224
4688 224
4687 224
4686 224
4685 224
4684 224
4683 224
4682 224
4681 224
4680 224
4679 224
4678 224
4677 224
4676 224
4675 224
4674 224
4673 224
4672 224
4671 224
4670 225
4669 225
4668 225
4667 225
4666 225
4665 225
4664 225
4663 225
4662 225
4661 225
4660 225
4659 225
4658 225
4657 225
4656 225
4655 225
4654 225
4653 225
4652 225
4651 225
4650 226
4649 226
4648 226
4647 226
4646 226
4645 226
4644 226
4643 226
4642 226
4641 226
4640 226
4639 226
4638 226
4637 226
4636 226
4635 226
4634 226
4633 226
4632 226
4631 226
4630 226
4629 227
4628 227
4627 227
4626 227
4625 227
4624 227
4623 227
4622 227
4621 227
4620 227
4619 227
4618 227
4617 227
4616 227
4615 227
4614 227
4613 227
4612 227
4611 227
4610 227
4609 228
4608 228
4607 228
4606 228
4605 228
4604 228
4603 228
4602 228
4601 228
4600 228
4599 228
4598 228
4597 228
4596 228
4595 228
4594 228
4593 228
4592 228
4591 228
4590 228
4589 228
4588 229
4587 229
4586 229
4585 229
4584 229
4583 229
4582 229
4581 229
4580 229
4579 229
4578 229
4577 229
4576 229
4575 229
4574 229
4573 229
4572 229
4571 229
4570 229
4569 229
4568 230
4567 230
4566 230
4565 230
4564 230
4563 230
4562 230
4561 230
4560 230
4559 230
4558 230
4557 230
4556 230
4555 230
4554 230
4553 230
4552 230
4551 230
4550 230
4549 231
4548 231
4547 231
4546 231
4545 231
4544 231
4543 231
4542 231
4541 231
4540 231
4539 231
4538 231
4537 231
4536 231
4535 231
4534 231
4533 231
4532 231
4531 231
4530 231
4529 232
4528 232
4527 232
4526 232
4525 232
4524 232
4523 232
4522 232
4521 232
4520 232
4519 232
4518 232
4517 232
4516 232
4515 232
4514 232
4513 232
4512 232
4511 232
4510 233
4509 233
4508 233
4507 233
4506 233
4505 233
4504 233
4503 233
4502 233
4501 233
4500 233
4499 233
4498 233
4497 233
4496 233
4495 233
4494 233
4493 233
4492 233
4491 233
4490 234
4489 234
4488 234
4487 234
4486 234
4485 234
4484 234
4483 234
4482 234
4481 234
4480 234
4479 234
4478 234
4477 234
4476 234
4475 234
4474 234
4473 234
4472 234
4471 235
4470 235
4469 235
4468 235
4467 235
4466 235
4465 235
4464 235
4463 235
4462 235
4461 235
4460 235
4459 235
4458 235
4457 235
4456 235
4455 235
4454 235
4453 235
4452 236
4451 236
4450 236
4449 236
4448 236
4447 236
4446 236
4445 236
4444 236
4443 236
4442 236
4441 236
4440 236
4439 236
4438 236
4437 236
4436 236
4435 236
4434 236
4433 237
4432 237
4431 237
4430 237
4429 237
4428 237
4427 237
4426 237
4425 237
4424 237
4423 237
4422 237
4421 237
4420 237
4419 237
4418 237
4417 237
4416 237
4415 238
4414 238
4413 238
4412 238
4411 238
4410 238
4409 238
4408 238
4407 238
4406 238
4405 238
4404 238
4403 238
4402 238
4401 238
4400 238
4399 238
4398 238
4397 238
4396 239
4395 239
4394 239
4393 239
4392 239
4391 239
4390 239
4389 239
4388 239
4387 239
4386 239
4385 239
4384 239
4383 239
4382 239
4381 239
4380 239
4379 239
4378 240
4377 240
4376 240
4375 240
4374 240
4373 240
4372 240
4371 240
4370 240
4369 240
4368 240
4367 240
4366 240
4365 240
4364 240
4363 240
4362 240
4361 240
4360 240
4359 241
4358 241
4357 241
4356 241
4355 241
4354 241
4353 241
4352 241
4351 241
4350 241
4349 241
4348 241
4347 241
4346 241
4345 241
4344 241
4343 241
4342 241
4341 242
4340 242
4339 242
4338 242
4337 242
4336 242
4335 242
4334 242
4333 242
4332 242
4331 242
4330 242
4329 242
4328 242
4327 242
4326 242
4325 242
4324 243
4323 243
4322 243
4321 243
4320 243
4319 243
4318 243
4317 243
4316 243
4315 243
4314 243
4313 243
4312 243
4311 243
4310 243
4309 243
4308 243
4307 243
4306 244
4305 244
4304 244
4303 244
4302 244
4301 244
4300 244
4299 244
4298 244
4297 244
4296 244
4295 244
4294 244
4293 244
4292 244
4291 244
4290 244
4289 244
4288 245
4287 245
4286 245
4285 245
4284 245
4283 245
4282 245
4281 245
4280 245
4279 245
4278 245
4277 245
4276 245
4275 245
4274 245
4273 245
4272 245
4271 246
4270 246
4269 246
4268 246
4267 246
4266 246
4265 246
4264 246
4263 246
4262 246
4261 246
4260 246
4259 246
4258 246
4257 246
4256 246
4255 246
4254 246
4253 247
4252 247
4251 247
4250 247
4249 247
4248 247
4247 247
4246 247
4245 247
4244 247
4243 247
4242 247
4241 247
4240 247
4239 247
4238 247
4237 247
4236 248
4235 248
4234 248
4233 248
4232 248
4231 248
4230 248
4229 248
4228 248
4227 248
4226 248
4225 248
4224 248
4223 248
4222 248
4221 248
4220 248
4219 249
4218 249
4217 249
4216 249
4215 249
4214 249
4213 249
4212 249
4211 249
4210 249
4209 249
4208 249
4207 249
4206 249
4205 249
4204 249
4203 249
4202 250
4201 250
4200 250
4199 250
4198 250
4197 250
4196 250
4195 250
4194 250
4193 250
4192 250
4191 250
4190 250
4189 250
4188 250
4187 250
4186 250
4185 251
4184 251
4183 251
4182 251
4181 251
4180 251
4179 251
4178 251
4177 251
4176 251
4175 251
4174 251
4173 251
4172 251
4171 251
4170 251
4169 252
4168 252
4167 252
4166 252
4165 252
4164 252
4163 252
4162 252
4161 252
4160 252
4159 252
4158 252
4157 252
4156 252
4155 252
4154 252
4153 252
4152 253
4151 253
4150 253
4149 253
4148 253
4147 253
4146 253
4145 253
4144 253
4143 253
4142 253
4141 253
4140 253
4139 253
4138 253
4137 253
4136 254
4135 254
4134 254
4133 254
4132 254
4131 254
4130 254
4129 254
4128 254
4127 254
4126 254
4125 254
4124 254
4123 254
4122 254
4121 254
4120 255
4119 255
4118 255
4117 255
4116 255
4115 255
4114 255
4113 255
4112 255
4111 255
4110 255
4109 255
4108 255
4107 255
4106 255
4105 255
4104 256
4103 256
4102 256
4101 256
4100 256
4099 256
4098 256
4097 256
4096 256
4095 256
4094 256
4093 256
4092 256
4091 256
4090 256
4089 256
4088 257
4087 257
4086 257
4085 257
4084 257
4083 257
4082 257
4081 257
4080 257
4079 257
4078 257
4077 257
4076 257
4075 257
4074 257
4073 257
4072 258
4071 258
4070 258
4069 258
4068 258
4067 258
4066 258
4065 258
4064 258
4063 258
4062 258
4061 258
4060 258
4059 258
4058 258
4057 258
4056 259
4055 259
4054 259
4053 259
4052 259
4051 259
4050 259
4049 259
4048 259
4047 259
4046 259
4045 259
4044 259
4043 259
4042 259
4041 259
4040 260
4039 260
4038 260
4037 260
4036 260
4035 260
4034 260
4033 260
4032 260
4031 260
4030 260
4029 260
4028 260
4027 260
4026 260
4025 261
4024 261
4023 261
4022 261
4021 261
4020 261
4019 261
4018 261
4017 261
4016 261
4015 261
4014 261
4013 261
4012 261
4011 261
4010 261
4009 262
4008 262
4007 262
4006 262
4005 262
4004 262
4003 262
4002 262
4001 262
4000 262
3999 262
3998 262
3997 262
3996 262
3995 262
3994 263
3993 263
3992 263
3991 263
3990 263
3989 263
3988 263
3987 263
3986 263
3985 263
3984 263
3983 263
3982 263
3981 263
3980 263
3979 264
3978 264
3977 264
3976 264
3975 264
3974 264
3973 264
3972 264
3971 264
3970 264
3969 264
3968 264
3967 264
3966 264
3965 264
3964 265
3963 265
3962 265
3961 265
3960 265
3959 265
3958 265
3957 265
3956 265
3955 265
3954 265
3953 265
3952 265
3951 265
3950 265
3949 266
3948 266
3947 266
3946 266
3945 266
3944 266
3943 266
3942 266
3941 266
3940 266
3939 266
3938 266
3937 266
3936 266
3935 266
3934 267
3933 267
3932 267
3931 267
3930 267
3929 267
3928 267
3927 267
3926 267
3925 267
3924 267
3923 267
3922 267
3921 267
3920 267
3919 268
3918 268
3917 268
3916 268
3915 268
3914 268
3913 268
3912 268
3911 268
3910 268
3909 268
3908 268
3907 268
3906 268
3905 269
3904 269
3903 269
3902 269
3901 269
3900 269
3899 269
3898 269
3897 269
3896 269
3895 269
3894 269
3893 269
3892 269
3891 269
3890 270
3889 270
3888 270
3887 270
3886 270
3885 270
3884 270
3883 270
3882 270
3881 270
3880 270
3879 270
3878 270
3877 270
3876 271
3875 271
3874 271
3873 271
3872 271
3871 271
3870 271
3869 271
3868 271
3867 271
3866 271
3865 271
3864 271
3863 271
3862 272
3861 272
3860 272
3859 272
3858 272
3857 272
3856 272
3855 272
3854 272
3853 272
3852 272
3851 272
3850 272
3849 272
3848 272
3847 273
3846 273
3845 273
3844 273
3843 273
3842 273
3841 273
3840 273
3839 273
3838 273
3837 273
3836 273
3835 273
3834 273
3833 274
3832 274
3831 274
3830 274
3829 274
3828 274
3827 274
3826 274
3825 274
3824 274
3823 274
3822 274
3821 274
3820 274
3819 275
3818 275
3817 275
3816 275
3815 275
3814 275
3813 275
3812 275
3811 275
3810 275
3809 275
3808 275
3807 275
3806 276
3805 276
3804 276
3803 276
3802 276
3801 276
3800 276
3799 276
3798 276
3797 276
3796 276
3795 276
3794 276
3793 276
3792 277
3791 277
3790 277
3789 277
3788 277
3787 277
3786 277
3785 277
3784 277
3783 277
3782 277
3781 277
3780 277
3779 277
3778 278
3777 278
3776 278
3775 278
3774 278
3773 278
3772 278
3771 278
3770 278
3769 278
3768 278
3767 278
3766 278
3765 279
3764 279
3763 279
3762 279
3761 279
3760 279
3759 279
3758 279
3757 279
3756 279
3755 279
3754 279
3753 279
3752 279
3751 280
3750 280
3749 280
3748 280
3747 280
3746 280
3745 280
3744 280
3743 280
3742 280
3741 280
3740 280
3739 280
3738 281
3737 281
3736 281
3735 281
3734 281
3733 281
3732 281
3731 281
3730 281
3729 281
3728 281
3727 281
3726 281
3725 281
3724 282
3723 282
3722 282
3721 282
3720 282
3719 282
3718 282
3717 282
3716 282
3715 282
3714 282
3713 282
3712 282
3711 283
3710 283
3709 283
3708 283
3707 283
3706 283
3705 283
3704 283
3703 283
3702 283
3701 283
3700 283
3699 283
3698 284
3697 284
3696 284
3695 284
3694 284
3693 284
3692 284
3691 284
3690 284
3689 284
3688 284
3687 284
3686 284
3685 285
3684 285
3683 285
3682 285
3681 285
3680 285
3679 285
3678 285
3677 285
3676 285
3675 285
3674 285
3673 285
3672 286
3671 286
3670 286
3669 286
3668 286
3667 286
3666 286
3665 286
3664 286
3663 286
3662 286
3661 286
3660 286
3659 287
3658 287
3657 287
3656 287
3655 287
3654 287
3653 287
3652 287
3651 287
3650 287
3649 287
3648 287
3647 288
3646 288
3645 288
3644 288
3643 288
3642 288
3641 288
3640 288
3639 288
3638 288
3637 288
3636 288
3635 288
3634 289
3633 289
3632 289
3631 289
3630 289
3629 289
3628 289
3627 289
3626 289
3625 289
3624 289
3623 289
3622 290
3621 290
3620 290
3619 290
3618 290
3617 290
3616 290
3615 290
3614 290
3613 290
3612 290
3611 290
3610 290
3609 291
3608 291
3607 291
3606 291
3605 291
3604 291
3603 291
3602 291
3601 291
3600 291
3599 291
3598 291
3597 292
3596 292
3595 292
3594 292
3593 292
3592 292
3591 292
3590 292
3589 292
3588 292
3587 292
3586 292
3585 292
3584 293
3583 293
3582 293
3581 293
3580 293
3579 293
3578 293
3577 293
3576 293
3575 293
3574 293
3573 293
3572 294
3571 294
3570 294
3569 294
3568 294
3567 294
3566 294
3565 294
3564 294
3563 294
3562 294
3561 294
3560 295
3559 295
3558 295
3557 295
3556 295
3555 295
3554 295
3553 295
3552 295
3551 295
3550 295
3549 295
3548 296
3547 296
3546 296
3545 296
3544 296
3543 296
3542 296
3541 296
3540 296
3539 296
3538 296
3537 296
3536 297
3535 297
3534 297
3533 297
3532 297
3531 297
3530 297
3529 297
3528 297
3527 297
3526 297
3525 297
3524 298
3523 298
3522 298
3521 298
3520 298
3519 298
3518 298
3517 298
3516 298
3515 298
3514 298
3513 298
3512 299
3511 299
3510 299
3509 299
3508 299
3507 299
3506 299
3505 299
3504 299
3503 299
3502 299
3501 300
3500 300
3499 300
3498 300
3497 300
3496 300
3495 300
3494 300
3493 300
3492 300
3491 300
3490 300
3489 301
3488 301
3487 301
3486 301
3485 301
3484 301
3483 301
3482 301
3481 301
3480 301
3479 301
3478 301
3477 302
3476 302
3475 302
3474 302
3473 302
3472 302
3471 302
3470 302
3469 302
3468 302
3467 302
3466 303
3465 303
3464 303
3463 303
3462 303
3461 303
3460 303
3459 303
3458 303
3457 303
3456 303
3455 303
3454 304
3453 304
3452 304
3451 304
3450 304
3449 304
3448 304
3447 304
3446 304
3445 304
3444 304
3443 305
3442 305
3441 305
3440 305
3439 305
3438 305
3437 305
3436 305
3435 305
3434 305
3433 305
3432 306
3431 306
3430 306
3429 306
3428 306
3427 306
3426 306
3425 306
3424 306
3423 306
3422 306
3421 307
3420 307
3419 307
3418 307
3417 307
3416 307
3415 307
3414 307
3413 307
3412 307
3411 307
3410 308
3409 308
3408 308
3407 308
3406 308
3405 308
3404 308
3403 308
3402 308
3401 308
3400 308
3399 308
3398 309
3397 309
3396 309
3395 309
3394 309
3393 309
3392 309
3391 309
3390 309
3389 309
3388 309
3387 310
3386 310
3385 310
3384 310
3383 310
3382 310
3381 310
3380 310
3379 310
3378 310
3377 311
3376 311
3375 311
3374 311
3373 311
3372 311
3371 311
3370 311
3369 311
3368 311
3367 311
3366 312
3365 312
3364 312
3363 312
3362 312
3361 312
3360 312
3359 312
3358 312
3357 312
3356 312
3355 313
3354 313
3353 313
3352 313
3351 313
3350 313
3349 313
3348 313
3347 313
3346 313
3345 313
3344 314
3343 314
3342 314
3341 314
3340 314
3339 314
3338 314
3337 314
3336 314
3335 314
3334 315
3333 315
3332 315
3331 315
3330 315
3329 315
3328 315
3327 315
3326 315
3325 315
3324 315
3323 316
3322 316
3321 316
3320 316
3319 316
3318 316
3317 316
3316 316
3315 316
3314 316
3313 317
3312 317
3311 317
3310 317
3309 317
3308 317
3307 317
3306 317
3305 317
3304 317
3303 317
3302 318
3301 318
3300 318
3299 318
3298 318
3297 318
3296 318
3295 318
3294 318
3293 318
3292 319
3291 319
3290 319
3289 319
3288 319
3287 319
3286 319
3285 319
3284 319
3283 319
3282 319
3281 320
3280 320
3279 320
3278 320
3277 320
3276 320
3275 320
3274 320
3273 320
3272 320
3271 321
3270 321
3269 321
3268 321
3267 321
3266 321
3265 321
3264 321
3263 321
3262 321
3261 322
3260 322
3259 322
3258 322
3257 322
3256 322
3255 322
3254 322
3253 322
3252 322
3251 323
3250 323
3249 323
3248 323
3247 323
3246 323
3245 323
3244 323
3243 323
3242 323
3241 324
3240 324
3239 324
3238 324
3237 324
3236 324
3235 324
3234 324
3233 324
3232 324
3231 325
3230 325
3229 325
3228 325
3227 325
3226 325
3225 325
3224 325
3223 325
3222 325
3221 326
3220 326
3219 326
3218 326
3217 326
3216 326
3215 326
3214 326
3213 326
3212 326
3211 327
3210 327
3209 327
3208 327
3207 327
3206 327
3205 327
3204 327
3203 327
3202 327
3201 328
3200 328
3199 328
3198 328
3197 328
3196 328
3195 328
3194 328
3193 328
3192 329
3191 329
3190 329
3189 329
3188 329
3187 329
3186 329
3185 329
3184 329
3183 329
3182 330
3181 330
3180 330
3179 330
3178 330
3177 330
3176 330
3175 330
3174 330
3173 330
3172 331
3171 331
3170 331
3169 331
3168 331
3167 331
3166 331
3165 331
3164 331
3163 332
3162 332
3161 332
3160 332
3159 332
3158 332
3157 332
3156 332
3155 332
3154 332
3153 333
3152 333
3151 333
3150 333
3149 333
3148 333
3147 333
3146 333
3145 333
3144 334
3143 334
3142 334
3141 334
3140 334
3139 334
3138 334
3137 334
3136 334
3135 334
3134 335
3133 335
3132 335
3131 335
3130 335
3129 335
3128 335
3127 335
3126 335
3125 336
3124 336
3123 336
3122 336
3121 336
3120 336
3119 336
3118 336
3117 336
3116 337
3115 337
3114 337
3113 337
3112 337
3111 337
3110 337
3109 337
3108 337
3107 337
3106 338
3105 338
3104 338
3103 338
3102 338
3101 338
3100 338
3099 338
3098 338
3097 339
3096 339
3095 339
3094 339
3093 339
3092 339
3091 339
3090 339
3089 339
3088 340
3087 340
3086 340
3085 340
3084 340
3083 340
3082 340
3081 340
3080 340
3079 341
3078 341
3077 341
3076 341
3075 341
3074 341
3073 341
3072 341
3071 341
3070 342
3069 342
3068 342
3067 342
3066 342
3065 342
3064 342
3063 342
3062 342
3061 343
3060 343
3059 343
3058 343
3057 343
3056 343
3055 343
3054 343
3053 343
3052 344
3051 344
3050 344
3049 344
3048 344
3047 344
3046 344
3045 344
3044 344
3043 345
3042 345
3041 345
3040 345
3039 345
3038 345
3037 345
3036 345
3035 345
3034 346
3033 346
3032 346
3031 346
3030 346
3029 346
3028 346
3027 346
3026 347
3025 347
3024 347
3023 347
3022 347
3021 347
3020 347
3019 347
3018 347
3017 348
3016 348
3015 348
3014 348
3013 348
3012 348
3011 348
3010 348
3009 348
3008 349
3007 349
3006 349
3005 349
3004 349
3003 349
3002 349
3001 349
3000 350
2999 350
2998 350
2997 350
2996 350
2995 350
2994 350
2993 350
2992 350
2991 351
2990 351
2989 351
2988 351
2987 351
2986 351
2985 351
2984 351
2983 352
2982 352
2981 352
2980 352
2979 352
2978 352
2977 352
2976 352
2975 352
2974 353
2973 353
2972 353
2971 353
2970 353
2969 353
2968 353
2967 353
2966 354
2965 354
2964 354
2963 354
2962 354
2961 354
2960 354
2959 354
2958 354
2957 355
2956 355
2955 355
2954 355
2953 355
2952 355
2951 355
2950 355
2949 356
2948 356
2947 356
2946 356
2945 356
2944 356
2943 356
2942 356
2941 357
2940 357
2939 357
2938 357
2937 357
2936 357
2935 357
2934 357
2933 358
2932 358
2931 358
2930 358
2929 358
2928 358
2927 358
2926 358
2925 358
2924 359
2923 359
2922 359
2921 359
2920 359
2919 359
2918 359
2917 359
2916 360
2915 360
2914 360
2913 360
2912 360
2911 360
2910 360
2909 360
2908 361
2907 361
2906 361
2905 361
2904 361
2903 361
2902 361
2901 361
2900 362
2899 362
2898 362
2897 362
2896 362
2895 362
2894 362
2893 362
2892 363
2891 363
2890 363
2889 363
2888 363
2887 363
2886 363
2885 363
2884 364
2883 364
2882 364
2881 364
2880 364
2879 364
2878 364
2877 364
2876 365
2875 365
2874 365
2873 365
2872 365
2871 365
2870 365
2869 365
2868 366
2867 366
2866 366
2865 366
2864 366
2863 366
2862 366
2861 367
2860 367
2859 367
2858 367
2857 367
2856 367
2855 367
2854 367
2853 368
2852 368
2851 368
2850 368
2849 368
2848 368
2847 368
2846 368
2845 369
2844 369
2843 369
2842 369
2841 369
2840 369
2839 369
2838 369
2837 370
2836 370
2835 370
2834 370
2833 370
2832 370
2831 370
2830 371
2829 371
2828 371
2827 371
2826 371
2825 371
2824 371
2823 371
2822 372
2821 372
2820 372
2819 372
2818 372
2817 372
2816 372
2815 372
2814 373
2813 373
2812 373
2811 373
2810 373
2809 373
2808 373
2807 374
2806 374
2805 374
2804 374
2803 374
2802 374
2801 374
2800 374
2799 375
2798 375
2797 375
2796 375
2795 375
2794 375
2793 375
2792 376
2791 376
2790 376
2789 376
2788 376
2787 376
2786 376
2785 377
2784 377
2783 377
2782 377
2781 377
2780 377
2779 377
2778 377
2777 378
2776 378
2775 378
2774 378
2773 378
2772 378
2771 378
2770 379
2769 379
2768 379
2767 379
2766 379
2765 379
2764 379
2763 380
2762 380
2761 380
2760 380
2759 380
2758 380
2757 380
2756 380
2755 381
2754 381
2753 381
2752 381
2751 381
2750 381
2749 381
2748 382
2747 382
2746 382
2745 382
2744 382
2743 382
2742 382
2741 383
2740 383
2739 383
2738 383
2737 383
2736 383
2735 383
2734 384
2733 384
2732 384
2731 384
2730 384
2729 384
2728 384
2727 385
2726 385
2725 385
2724 385
2723 385
2722 385
2721 385
2720 386
2719 386
2718 386
2717 386
2716 386
2715 386
2714 386
2713 387
2712 387
2711 387
2710 387
2709 387
2708 387
2707 387
2706 388
2705 388
2704 388
2703 388
2702 388
2701 388
2700 388
2699 389
2698 389
2697 389
2696 389
2695 389
2694 389
2693 389
2692 390
2691 390
2690 390
2689 390
2688 390
2687 390
2686 390
2685 391
2684 391
2683 391
2682 391
2681 391
2680 391
2679 391
2678 392
2677 392
2676 392
2675 392
2674 392
2673 392
2672 392
2671 393
2670 393
2669 393
2668 393
2667 393
2666 393
2665 393
2664 394
2663 394
2662 394
2661 394
2660 394
2659 394
2658 394
2657 395
2656 395
2655 395
2654 395
2653 395
2652 395
2651 396
2650 396
2649 396
2648 396
2647 396
2646 396
2645 396
2644 397
2643 397
2642 397
2641 397
2640 397
2639 397
2638 397
2637 398
2636 398
2635 398
2634 398
2633 398
2632 398
2631 399
2630 399
2629 399
2628 399
2627 399
2626 399
2625 399
2624 400
2623 400
2622 400
2621 400
2620 400
2619 400
2618 401
2617 401
2616 401
2615 401
2614 401
2613 401
2612 401
2611 402
2610 402
2609 402
2608 402
2607 402
2606 402
2605 403
2604 403
2603 403
2602 403
2601 403
2600 403
2599 403
2598 404
2597 404
2596 404
2595 404
2594 404
2593 404
2592 405
2591 405
2590 405
2589 405
2588 405
2587 405
2586 405
2585 406
2584 406
2583 406
2582 406
2581 406
2580 406
2579 407
2578 407
2577 407
2576 407
2575 407
2574 407
2573 408
2572 408
2571 408
2570 408
2569 408
2568 408
2567 408
2566 409
2565 409
2564 409
2563 409
2562 409
2561 409
2560 410
2559 410
2558 410
2557 410
2556 410
2555 410
2554 411
2553 411
2552 411
2551 411
2550 411
2549 411
2548 412
2547 412
2546 412
2545 412
2544 412
2543 412
2542 413
2541 413
2540 413
2539 413
2538 413
2537 413
2536 413
2535 414
2534 414
2533 414
2532 414
2531 414
2530 414
2529 415
2528 415
2527 415
2526 415
2525 415
2524 415
2523 416
2522 416
2521 416
2520 416
2519 416
2518 416
2517 417
2516 417
2515 417
2514 417
2513 417
2512 417
2511 418
2510 418
2509 418
2508 418
2507 418
2506 418
2505 419
2504 419
2503 419
2502 419
2501 419
2500 419
2499 420
2498 420
2497 420
2496 420
2495 420
2494 420
2493 421
2492 421
2491 421
2490 421
2489 421
2488 421
2487 422
2486 422
2485 422
2484 422
2483 422
2482 422
2481 423
2480 423
2479 423
2478 423
2477 423
2476 423
2475 424
2474 424
2473 424
2472 424
2471 424
2470 425
2469 425
2468 425
2467 425
2466 425
2465 425
2464 426
2463 426
2462 426
2461 426
2460 426
2459 426
2458 427
2457 427
2456 427
2455 427
2454 427
2453 427
2452 428
2451 428
2450 428
2449 428
2448 428
2447 429
2446 429
2445 429
2444 429
2443 429
2442 429
2441 430
2440 430
2439 430
2438 430
2437 430
2436 430
2435 431
2434 431
2433 431
2432 431
2431 431
2430 432
2429 432
2428 432
2427 432
2426 432
2425 432
2424 433
2423 433
2422 433
2421 433
2420 433
2419 433
2418 434
2417 434
2416 434
2415 434
2414 434
2413 435
2412 435
2411 435
2410 435
2409 435
2408 435
2407 436
2406 436
2405 436
2404 436
2403 436
2402 437
2401 437
2400 437
2399 437
2398 437
2397 437
2396 438
2395 438
2394 438
2393 438
2392 438
2391 439
2390 439
2389 439
2388 439
2387 439
2386 439
2385 440
2384 440
2383 440
2382 440
2381 440
2380 441
2379 441
2378 441
2377 441
2376 441
2375 442
2374 442
2373 442
2372 442
2371 442
2370 442
2369 443
2368 443
2367 443
2366 443
2365 443
2364 444
2363 444
2362 444
2361 444
2360 444
2359 445
2358 445
2357 445
2356 445
2355 445
2354 445
2353 446
2352 446
2351 446
2350 446
2349 446
2348 447
2347 447
2346 447
2345 447
2344 447
2343 448
2342 448
2341 448
2340 448
2339 448
2338 448
2337 449
2336 449
2335 449
2334 449
2333 449
2332 450
2331 450
2330 450
2329 450
2328 450
2327 451
2326 451
2325 451
2324 451
2323 451
2322 452
2321 452
2320 452
2319 452
2318 452
2317 453
2316 453
2315 453
2314 453
2313 453
2312 454
2311 454
2310 454
2309 454
2308 454
2307 455
2306 455
2305 455
2304 455
2303 455
2302 456
2301 456
2300 456
2299 456
2298 456
2297 456
2296 457
2295 457
2294 457
2293 457
2292 457
2291 458
2290 458
2289 458
2288 458
2287 458
2286 459
2285 459
2284 459
2283 459
2282 459
2281 460
2280 460
2279 460
2278 460
2277 461
2276 461
2275 461
2274 461
2273 461
2272 462
2271 462
2270 462
2269 462
2268 462
2267 463
2266 463
2265 463
2264 463
2263 463
2262 464
2261 464
2260 464
2259 464
2258 464
2257 465
2256 465
2255 465
2254 465
2253 465
2252 466
2251 466
2250 466
2249 466
2248 466
2247 467
2246 467
2245 467
2244 467
2243 467
2242 468
2241 468
2240 468
2239 468
2238 469
2237 469
2236 469
2235 469
2234 469
2233 470
2232 470
2231 470
2230 470
2229 470
2228 471
2227 471
2226 471
2225 471
2224 471
2223 472
2222 472
2221 472
2220 472
2219 473
2218 473
2217 473
2216 473
2215 473
2214 474
2213 474
2212 474
2211 474
2210 474
2209 475
2208 475
2207 475
2206 475
2205 476
2204 476
2203 476
2202 476
2201 476
2200 477
2199 477
2198 477
2197 477
2196 477
2195 478
2194 478
2193 478
2192 478
2191 479
2190 479
2189 479
2188 479
2187 479
2186 480
2185 480
2184 480
2183 480
2182 481
2181 481
2180 481
2179 481
2178 481
2177 482
2176 482
2175 482
2174 482
2173 483
2172 483
2171 483
2170 483
2169 483
2168 484
2167 484
2166 484
2165 484
2164 485
2163 485
2162 485
2161 485
2160 485
2159 486
2158 486
2157 486
2156 486
2155 487
2154 487
2153 487
2152 487
2151 487
2150 488
2149 488
2148 488
2147 488
2146 489
2145 489
2144 489
2143 489
2142 490
2141 490
2140 490
2139 490
2138 490
2137 491
2136 491
2135 491
2134 491
2133 492
2132 492
2131 492
2130 492
2129 493
2128 493
2127 493
2126 493
2125 493
2124 494
2123 494
2122 494
2121 494
2120 495
2119 495
2118 495
2117 495
2116 496
2115 496
2114 496
2113 496
2112 496
2111 497
2110 497
2109 497
2108 497
2107 498
2106 498
2105 498
2104 498
2103 499
2102 499
2101 499
2100 499
2099 500
2098 500
2097 500
2096 500
2095 501
2094 501
2093 501
2092 501
2091 501
2090 502
2089 502
2088 502
2087 502
2086 503
2085 503
2084 503
2083 503
2082 504
2081 504
2080 504
2079 504
2078 505
2077 505
2076 505
2075 505
2074 506
2073 506
2072 506
2071 506
2070 507
2069 507
2068 507
2067 507
2066 508
2065 508
2064 508
2063 508
2062 509
2061 509
2060 509
2059 509
2058 510
2057 510
2056 510
2055 510
2054 511
2053 511
2052 511
2051 511
2050 512
2049 512
2048 512
2047 512
2046 513
2045 513
2044 513
2043 513
2042 514
2041 514
2040 514
2039 514
2038 515
2037 515
2036 515
2035 515
2034 516
2033 516
2032 516
2031 516
2030 517
2029 517
2028 517
2027 517
2026 518
2025 518
2024 518
2023 518
2022 519
2021 519
2020 519
2019 519
2018 520
2017 520
2016 520
2015 520
2014 521
2013 521
2012 521
2011 521
2010 522
2009 522
2008 522
2007 522
2006 523
2005 523
2004 523
2003 524
2002 524
2001 524
2000 524
1999 525
1998 525
1997 525
1996 525
1995 526
1994 526
1993 526
1992 526
1991 527
1990 527
1989 527
1988 527
1987 528
1986 528
1985 528
1984 529
1983 529
1982 529
1981 529
1980 530
1979 530
1978 530
1977 530
1976 531
1975 531
1974 531
1973 531
1972 532
1971 532
1970 532
1969 533
1968 533
1967 533
1966 533
1965 534
1964 534
1963 534
1962 534
1961 535
1960 535
1959 535
1958 536
1957 536
1956 536
1955 536
1954 537
1953 537
1952 537
1951 537
1950 538
1949 538
1948 538
1947 539
1946 539
1945 539
1944 539
1943 540
1942 540
1941 540
1940 541
1939 541
1938 541
1937 541
1936 542
1935 542
1934 542
1933 542
1932 543
1931 543
1930 543
1929 544
1928 544
1927 544
1926 544
1925 545
1924 545
1923 545
1922 546
1921 546
1920 546
1919 546
1918 547
1917 547
1916 547
1915 548
1914 548
1913 548
1912 548
1911 549
1910 549
1909 549
1908 550
1907 550
1906 550
1905 550
1904 551
1903 551
1902 551
1901 552
1900 552
1899 552
1898 552
1897 553
1896 553
1895 553
1894 554
1893 554
1892 554
1891 555
1890 555
1889 555
1888 555
1887 556
1886 556
1885 556
1884 557
1883 557
1882 557
1881 557
1880 558
1879 558
1878 558
1877 559
1876 559
1875 559
1874 560
1873 560
1872 560
1871 560
1870 561
1869 561
1868 561
1867 562
1866 562
1865 562
1864 563
1863 563
1862 563
1861 563
1860 564
1859 564
1858 564
1857 565
1856 565
1855 565
1854 566
1853 566
1852 566
1851 566
1850 567
1849 567
1848 567
1847 568
1846 568
1845 568
1844 569
1843 569
1842 569
1841 570
1840 570
1839 570
1838 570
1837 571
1836 571
1835 571
1834 572
1833 572
1832 572
1831 573
1830 573
1829 573
1828 574
1827 574
1826 574
1825 575
1824 575
1823 575
1822 576
1821 576
1820 576
1819 576
1818 577
1817 577
1816 577
1815 578
1814 578
1813 578
1812 579
1811 579
1810 579
1809 580
1808 580
1807 580
1806 581
1805 581
1804 581
1803 582
1802 582
1801 582
1800 583
1799 583
1798 583
1797 584
1796 584
1795 584
1794 584
1793 585
1792 585
1791 585
1790 586
1789 586
1788 586
1787 587
1786 587
1785 587
1784 588
1783 588
1782 588
1781 589
1780 589
1779 589
1778 590
1777 590
1776 590
1775 591
1774 591
1773 591
1772 592
1771 592
1770 592
1769 593
1768 593
1767 593
1766 594
1765 594
1764 594
1763 595
1762 595
1761 595
1760 596
1759 596
1758 596
1757 597
1756 597
1755 597
1754 598
1753 598
1752 599
1751 599
1750 599
1749 600
1748 600
1747 600
1746 601
1745 601
1744 601
1743 602
1742 602
1741 602
1740 603
1739 603
1738 603
1737 604
1736 604
1735 604
1734 605
1733 605
1732 605
1731 606
1730 606
1729 606
1728 607
1727 607
1726 608
1725 608
1724 608
1723 609
1722 609
1721 609
1720 610
1719 610
1718 610
1717 611
1716 611
1715 611
1714 612
1713 612
1712 612
1711 613
1710 613
1709 614
1708 614
1707 614
1706 615
1705 615
1704 615
1703 616
1702 616
1701 616
1700 617
1699 617
1698 618
1697 618
1696 618
1695 619
1694 619
1693 619
1692 620
1691 620
1690 620
1689 621
1688 621
1687 622
1686 622
1685 622
1684 623
1683 623
1682 623
1681 624
1680 624
1679 625
1678 625
1677 625
1676 626
1675 626
1674 626
1673 627
1672 627
1671 628
1670 628
1669 628
1668 629
1667 629
1666 629
1665 630
1664 630
1663 631
1662 631
1661 631
1660 632
1659 632
1658 632
1657 633
1656 633
1655 634
1654 634
1653 634
1652 635
1651 635
1650 636
1649 636
1648 636
1647 637
1646 637
1645 637
1644 638
1643 638
1642 639
1641 639
1640 639
1639 640
1638 640
1637 641
1636 641
1635 641
1634 642
1633 642
1632 643
1631 643
1630 643
1629 644
1628 644
1627 644
1626 645
1625 645
1624 646
1623 646
1622 646
1621 647
1620 647
1619 648
1618 648
1617 648
1616 649
1615 649
1614 650
1613 650
1612 650
1611 651
1610 651
1609 652
1608 652
1607 653
1606 653
1605 653
1604 654
1603 654
1602 655
1601 655
1600 655
1599 656
1598 656
1597 657
1596 657
1595 657
1594 658
1593 658
1592 659
1591 659
1590 659
1589 660
1588 660
1587 661
1586 661
1585 662
1584 662
1583 662
1582 663
1581 663
1580 664
1579 664
1578 664
1577 665
1576 665
1575 666
1574 666
1573 667
1572 667
1571 667
1570 668
1569 668
1568 669
1567 669
1566 670
1565 670
1564 670
1563 671
1562 671
1561 672
1560 672
1559 673
1558 673
1557 673
1556 674
1555 674
1554 675
1553 675
1552 676
1551 676
1550 677
1549 677
1548 677
1547 678
1546 678
1545 679
1544 679
1543 680
1542 680
1541 680
1540 681
1539 681
1538 682
1537 682
1536 683
1535 683
1534 684
1533 684
1532 684
1531 685
1530 685
1529 686
1528 686
1527 687
1526 687
1525 688
1524 688
1523 688
1522 689
1521 689
1520 690
1519 690
1518 691
1517 691
1516 692
1515 692
1514 693
1513 693
1512 694
1511 694
1510 694
1509 695
1508 695
1507 696
1506 696
1505 697
1504 697
1503 698
1502 698
1501 699
1500 699
1499 700
1498 700
1497 700
1496 701
1495 701
1494 702
1493 702
1492 703
1491 703
1490 704
1489 704
1488 705
1487 705
1486 706
1485 706
1484 707
1483 707
1482 708
1481 708
1480 708
1479 709
1478 709
1477 710
1476 710
1475 711
1474 711
1473 712
1472 712
1471 713
1470 713
1469 714
1468 714
1467 715
1466 715
1465 716
1464 716
1463 717
1462 717
1461 718
1460 718
1459 719
1458 719
1457 720
1456 720
1455 721
1454 721
1453 722
1452 722
1451 723
1450 723
1449 724
1448 724
1447 725
1446 725
1445 726
1444 726
1443 727
1442 727
1441 728
1440 728
1439 729
1438 729
1437 730
1436 730
1435 731
1434 731
1433 732
1432 732
1431 733
1430 733
1429 734
1428 734
1427 735
1426 735
1425 736
1424 736
1423 737
1422 737
1421 738
1420 738
1419 739
1418 739
1417 740
1416 741
1415 741
1414 742
1413 742
1412 743
1411 743
1410 744
1409 744
1408 745
1407 745
1406 746
1405 746
1404 747
1403 747
1402 748
1401 748
1400 749
1399 750
1398 750
1397 751
1396 751
1395 752
1394 752
1393 753
1392 753
1391 754
1390 754
1389 755
1388 755
1387 756
1386 757
1385 757
1384 758
1383 758
1382 759
1381 759
1380 760
1379 760
1378 761
1377 761
1376 762
1375 763
1374 763
1373 764
1372 764
1371 765
1370 765
1369 766
1368 767
1367 767
1366 768
1365 768
1364 769
1363 769
1362 770
1361 770
1360 771
1359 772
1358 772
1357 773
1356 773
1355 774
1354 774
1353 775
1352 776
1351 776
1350 777
1349 777
1348 778
1347 778
1346 779
1345 780
1344 780
1343 781
1342 781
1341 782
1340 783
1339 783
1338 784
1337 784
1336 785
1335 785
1334 786
1333 787
1332 787
1331 788
1330 788
1329 789
1328 790
1327 790
1326 791
1325 791
1324 792
1323 793
1322 793
1321 794
1320 794
1319 795
1318 796
1317 796
1316 797
1315 797
1314 798
1313 799
1312 799
1311 800
1310 800
1309 801
1308 802
1307 802
1306 803
1305 804
1304 804
1303 805
1302 805
1301 806
1300 807
1299 807
1298 808
1297 808
1296 809
1295 810
1294 810
1293 811
1292 812
1291 812
1290 813
1289 813
1288 814
1287 815
1286 815
1285 816
1284 817
1283 817
1282 818
1281 819
1280 819
1279 820
1278 820
1277 821
1276 822
1275 822
1274 823
1273 824
1272 824
1271 825
1270 826
1269 826
1268 827
1267 828
1266 828
1265 829
1264 830
1263 830
1262 831
1261 832
1260 832
1259 833
1258 834
1257 834
1256 835
1255 836
1254 836
1253 837
1252 838
1251 838
1250 839
1249 840
1248 840
1247 841
1246 842
1245 842
1244 843
1243 844
1242 844
1241 845
1240 846
1239 846
1238 847
1237 848
1236 848
1235 849
1234 850
1233 850
1232 851
1231 852
1230 853
1229 853
1228 854
1227 855
1226 855
1225 856
1224 857
1223 857
1222 858
1221 859
1220 859
1219 860
1218 861
1217 862
1216 862
1215 863
1214 864
1213 864
1212 865
1211 866
1210 867
1209 867
1208 868
1207 869
1206 869
1205 870
1204 871
1203 872
1202 872
1201 873
1200 874
1199 875
1198 875
1197 876
1196 877
1195 877
1194 878
1193 879
1192 880
1191 880
1190 881
1189 882
1188 883
1187 883
1186 884
1185 885
1184 886
1183 886
1182 887
1181 888
1180 889
1179 889
1178 890
1177 891
1176 892
1175 892
1174 893
1173 894
1172 895
1171 895
1170 896
1169 897
1168 898
1167 899
1166 899
1165 900
1164 901
1163 902
1162 902
1161 903
1160 904
1159 905
1158 906
1157 906
1156 907
1155 908
1154 909
1153 909
1152 910
1151 911
1150 912
1149 913
1148 913
1147 914
1146 915
1145 916
1144 917
1143 917
1142 918
1141 919
1140 920
1139 921
1138 921
1137 922
1136 923
1135 924
1134 925
1133 925
1132 926
1131 927
1130 928
1129 929
1128 930
1127 930
1126 931
1125 932
1124 933
1123 934
1122 935
1121 935
1120 936
1119 937
1118 938
1117 939
1116 940
1115 940
1114 941
1113 942
1112 943
1111 944
1110 945
1109 946
1108 946
1107 947
1106 948
1105 949
1104 950
1103 951
1102 952
1101 952
1100 953
1099 954
1098 955
1097 956
1096 957
1095 958
1094 958
1093 959
1092 960
1091 961
1090 962
1089 963
1088 964
1087 965
1086 966
1085 966
1084 967
1083 968
1082 969
1081 970
1080 971
1079 972
1078 973
1077 974
1076 975
1075 975
1074 976
1073 977
1072 978
1071 979
1070 980
1069 981
1068 982
1067 983
1066 984
1065 985
1064 986
1063 986
1062 987
1061 988
1060 989
1059 990
1058 991
1057 992
1056 993
1055 994
1054 995
1053 996
1052 997
1051 998
1050 999
1049 1000
1048 1001
1047 1002
1046 1002
1045 1003
1044 1004
1043 1005
1042 1006
1041 1007
1040 1008
1039 1009
1038 1010
1037 1011
1036 1012
1035 1013
1034 1014
1033 1015
1032 1016
1031 1017
1030 1018
1029 1019
1028 1020
1027 1021
1026 1022
1025 1023
1024 1023
1023 1023
1022 1023
1021 1023
1020 1023
1019 1023
1018 1023
1017 1023
1016 1023
1015 1023
1014 1023
1013 1023
1012 1023
1011 1023
1010 1023
1009 1023
1008 1023
1007 1023
1006 1023
1005 1023
1004 1023
1003 1023
1002 1023
1001 1023
1000 1023
999 1023
998 1023
997 1023
996 1023
995 1023
994 1023
993 1023
992 1023
991 1023
990 1023
989 1023
988 1023
987 1023
986 1023
985 1023
984 1023
983 1023
982 1023
981 1023
980 1023
979 1023
978 1023
977 1023
976 1023
975 1023
974 1023
973 1023
972 1023
971 1023
970 1023
969 1023
968 1023
967 1023
966 1023
965 1023
964 1023
963 1023
962 1023
961 1023
960 1023
959 1023
958 1023
957 1023
956 1023
955 1023
954 1023
953 1023
952 1023
951 1023
950 1023
949 1023
948 1023
947 1023
946 1023
945 1023
944 1023
943 1023
942 1023
941 1023
940 1023
939 1023
938 1023
937 1023
936 1023
935 1023
934 1023
933 1023
932 1023
931 1023
930 1023
929 1023
928 1023
927 1023
926 1023
925 1023
924 1023
923 1023
922 1023
921 1023
920 1023
919 1023
918 1023
917 1023
916 1023
915 1023
914 1023
913 1023
912 1023
911 1023
910 1023
909 1023
908 1023
907 1023
906 1023
905 1023
904 1023
903 1023
902 1023
901 1023
900 1023
899 1023
898 1023
897 1023
896 1023
895 1023
894 1023
893 1023
892 1023
891 1023
890 1023
889 1023
888 1023
887 1023
886 1023
885 1023
884 1023
883 1023
882 1023
881 1023
880 1023
879 1023
878 1023
877 1023
876 1023
875 1023
874 1023
873 1023
872 1023
871 1023
870 1023
869 1023
868 1023
867 1023
866 1023
865 1023
864 1023
863 1023
862 1023
861 1023
860 1023
859 1023
858 1023
857 1023
856 1023
855 1023
854 1023
853 1023
852 1023
851 1023
850 1023
849 1023
848 1023
847 1023
846 1023
845 1023
844 1023
843 1023
842 1023
841 1023
840 1023
839 1023
838 1023
837 1023
836 1023
835 1023
834 1023
833 1023
832 1023
831 1023
830 1023
829 1023
828 1023
827 1023
826 1023
825 1023
824 1023
823 1023
822 1023
821 1023
820 1023
819 1023
818 1023
817 1023
816 1023
815 1023
814 1023
813 1023
812 1023
811 1023
810 1023
809 1023
808 1023
807 1023
806 1023
805 1023
804 1023
803 1023
802 1023
801 1023
800 1023
799 1023
798 1023
797 1023
796 1023
795 1023
794 1023
793 1023
792 1023
791 1023
790 1023
789 1023
788 1023
787 1023
786 1023
785 1023
784 1023
783 1023
782 1023
781 1023
780 1023
779 1023
778 1023
777 1023
776 1023
775 1023
774 1023
773 1023
772 1023
771 1023
770 1023
769 1023
768 1023
767 1023
766 1023
765 1023
764 1023
763 1023
762 1023
761 1023
760 1023
759 1023
758 1023
757 1023
756 1023
755 1023
754 1023
753 1023
752 1023
751 1023
750 1023
749 1023
748 1023
747 1023
746 1023
745 1023
744 1023
743 1023
742 1023
741 1023
740 1023
739 1023
738 1023
737 1023
736 1023
735 1023
734 1023
733 1023
732 1023
731 1023
730 1023
729 1023
728 1023
727 1023
726 1023
725 1023
724 1023
723 1023
722 1023
721 1023
720 1023
719 1023
718 1023
717 1023
716 1023
715 1023
714 1023
713 1023
712 1023
711 1023
710 1023
709 1023
708 1023
707 1023
706 1023
705 1023
704 1023
703 1023
702 1023
701 1023
700 1023
699 1023
698 1023
697 1023
696 1023
695 1023
694 1023
693 1023
692 1023
691 1023
690 1023
689 1023
688 1023
687 1023
686 1023
685 1023
684 1023
683 1023
682 1023
681 1023
680 1023
679 1023
678 1023
677 1023
676 1023
675 1023
674 1023
673 1023
672 1023
671 1023
670 1023
669 1023
668 1023
667 1023
666 1023
665 1023
664 1023
663 1023
662 1023
661 1023
660 1023
659 1023
658 1023
657 1023
656 1023
655 1023
654 1023
653 1023
652 1023
651 1023
650 1023
649 1023
648 1023
647 1023
646 1023
645 1023
644 1023
643 1023
642 1023
641 1023
640 1023
639 1023
638 1023
637 1023
636 1023
635 1023
634 1023
633 1023
632 1023
631 1023
630 1023
629 1023
628 1023
627 1023
626 1023
625 1023
624 1023
623 1023
622 1023
621 1023
620 1023
619 1023
618 1023
617 1023
616 1023
615 1023
614 1023
613 1023
612 1023
611 1023
610 1023
609 1023
608 1023
607 1023
606 1023
605 1023
604 1023
603 1023
602 1023
601 1023
600 1023
599 1023
598 1023
597 1023
596 1023
595 1023
594 1023
593 1023
592 1023
591 1023
590 1023
589 1023
588 1023
587 1023
586 1023
585 1023
584 1023
583 1023
582 1023
581 1023
580 1023
579 1023
578 1023
577 1023
576 1023
575 1023
574 1023
573 1023
572 1023
571 1023
570 1023
569 1023
568 1023
567 1023
566 1023
565 1023
564 1023
563 1023
562 1023
561 1023
560 1023
559 1023
558 1023
557 1023
556 1023
555 1023
554 1023
553 1023
552 1023
551 1023
550 1023
549 1023
548 1023
547 1023
546 1023
545 1023
544 1023
543 1023
542 1023
541 1023
540 1023
539 1023
538 1023
537 1023
536 1023
535 1023
534 1023
533 1023
532 1023
531 1023
530 1023
529 1023
528 1023
527 1023
526 1023
525 1023
524 1023
523 1023
522 1023
521 1023
520 1023
519 1023
518 1023
517 1023
516 1023
515 1023
514 1023
513 1023
512 1023
511 1023
510 1023
509 1023
508 1023
507 1023
506 1023
505 1023
504 1023
503 1023
502 1023
501 1023
500 1023
499 1023
498 1023
497 1023
496 1023
495 1023
494 1023
493 1023
492 1023
491 1023
490 1023
489 1023
488 1023
487 1023
486 1023
485 1023
484 1023
483 1023
482 1023
481 1023
480 1023
479 1023
478 1023
477 1023
476 1023
475 1023
474 1023
473 1023
472 1023
471 1023
470 1023
469 1023
468 1023
467 1023
466 1023
465 1023
464 1023
463 1023
462 1023
461 1023
460 1023
459 1023
458 1023
457 1023
456 1023
455 1023
454 1023
453 1023
452 1023
451 1023
450 1023
449 1023
448 1023
447 1023
446 1023
445 1023
444 1023
443 1023
442 1023
441 1023
440 1023
439 1023
438 1023
437 1023
436 1023
435 1023
434 1023
433 1023
432 1023
431 1023
430 1023
429 1023
428 1023
427 1023
426 1023
425 1023
424 1023
423 1023
422 1023
421 1023
420 1023
419 1023
418 1023
417 1023
416 1023
415 1023
414 1023
413 1023
412 1023
411 1023
410 1023
409 1023
408 1023
407 1023
406 1023
405 1023
404 1023
403 1023
402 1023
401 1023
400 1023
399 1023
398 1023
397 1023
396 1023
395 1023
394 1023
393 1023
392 1023
391 1023
390 1023
389 1023
388 1023
387 1023
386 1023
385 1023
384 1023
383 1023
382 1023
381 1023
380 1023
379 1023
378 1023
377 1023
376 1023
375 1023
374 1023
373 1023
372 1023
371 1023
370 1023
369 1023
368 1023
367 1023
366 1023
365 1023
364 1023
363 1023
362 1023
361 1023
360 1023
359 1023
358 1023
357 1023
356 1023
355 1023
354 1023
353 1023
352 1023
351 1023
350 1023
349 1023
348 1023
347 1023
346 1023
345 1023
344 1023
343 1023
342 1023
341 1023
340 1023
339 1023
338 1023
337 1023
336 1023
335 1023
334 1023
333 1023
332 1023
331 1023
330 1023
329 1023
328 1023
327 1023
326 1023
325 1023
324 1023
323 1023
322 1023
321 1023
320 1023
319 1023
318 1023
317 1023
316 1023
315 1023
314 1023
313 1023
312 1023
311 1023
310 1023
309 1023
308 1023
307 1023
306 1023
305 1023
304 1023
303 1023
302 1023
301 1023
300 1023
299 1023
298 1023
297 1023
296 1023
295 1023
294 1023
293 1023
292 1023
291 1023
290 1023
289 1023
288 1023
287 1023
286 1023
285 1023
284 1023
283 1023
282 1023
281 1023
280 1023
279 1023
278 1023
277 1023
276 1023
275 1023
274 1023
273 1023
272 1023
271 1023
270 1023
269 1023
268 1023
267 1023
266 1023
265 1023
264 1023
263 1023
262 1023
261 1023
260 1023
259 1023
258 1023
257 1023
256 1023
255 1023
254 1023
253 1023
252 1023
251 1023
250 1023
249 1023
248 1023
247 1023
246 1023
245 1023
244 1023
243 1023
242 1023
241 1023
240 1023
239 1023
238 1023
237 1023
236 1023
235 1023
234 1023
233 1023
232 1023
231 1023
230 1023
229 1023
228 1023
227 1023
226 1023
225 1023
224 1023
223 1023
222 1023
221 1023
220 1023
219 1023
218 1023
217 1023
216 1023
215 1023
214 1023
213 1023
212 1023
211 1023
210 1023
209 1023
208 1023
207 1023
206 1023
205 1023
204 1023
203 1023
202 1023
201 1023
200 1023
199 1023
198 1023
197 1023
196 1023
195 1023
194 1023
193 1023
192 1023
191 1023
190 1023
189 1023
188 1023
187 1023
186 1023
185 1023
184 1023
183 1023
182 1023
181 1023
180 1023
179 1023
178 1023
177 1023
176 1023
175 1023
174 1023
173 1023
172 1023
171 1023
170 1023
169 1023
168 1023
167 1023
166 1023
165 1023
164 1023
163 1023
162 1023
161 1023
160 1023
159 1023
158 1023
157 1023
156 1023
155 1023
154 1023
153 1023
152 1023
151 1023
150 1023
149 1023
148 1023
147 1023
146 1023
145 1023
144 1023
143 1023
142 1023
141 1023
140 1023
139 1023
138 1023
137 1023
136 1023
135 1023
134 1023
133 1023
132 1023
131 1023
130 1023
129 1023
128 1023
127 1023
126 1023
125 1023
124 1023
123 1023
122 1023
121 1023
120 1023
119 1023
118 1023
117 1023
116 1023
115 1023
114 1023
113 1023
112 1023
111 1023
110 1023
109 1023
108 1023
107 1023
106 1023
105 1023
104 1023
103 1023
102 1023
101 1023
100 1023
99 1023
98 1023
97 1023
96 1023
95 1023
94 1023
93 1023
92 1023
91 1023
90 1023
89 1023
88 1023
87 1023
86 1023
85 1023
84 1023
83 1023
82 1023
81 1023
80 1023
79 1023
78 1023
77 1023
76 1023
75 1023
74 1023
73 1023
72 1023
71 1023
70 1023
69 1023
68 1023
67 1023
66 1023
65 1023
64 1023
63 1023
62 1023
61 1023
60 1023
59 1023
58 1023
57 1023
56 1023
55 1023
54 1023
53 1023
52 1023
51 1023
50 1023
49 1023
48 1023
47 1023
46 1023
45 1023
44 1023
43 1023
42 1023
41 1023
40 1023
39 1023
38 1023
37 1023
36 1023
35 1023
34 1023
33 1023
32 1023
31 1023
30 1023
29 1023
28 1023
27 1023
26 1023
25 1023
24 1023
23 1023
22 1023
21 1023
20 1023
19 1023
18 1023
17 1023
16 1023
15 1023
14 1023
13 1023
12 1023
11 1023
10 1023
9 1023
8 1023
7 1023
6 1023
5 1023
4 1023
3 1023
2 1023
1 1023
0 1023
